Grading at Mon Jun 29 23:19:03 UTC 2020
Attempting to compile retirement.c
Checking for struct _retire_info
Found on line 4, column 1 
Checking for field int months
Found on line 5, column 3 
Checking for field double contribution
Found on line 6, column 3 
Checking for field double rate_of_return
Found on line 7, column 3 
Checking for typedef of struct _retire_info to retire_info
Found on line 10, column 1 
Checking for void retirement (int startAge, double initial,  retire_info working,  retire_info retired)
Found on line 25, column 1 
Checking for int main(void)
Found on line 45, column 1 
Trying to run retirement calculator..
Your file matched the expected output
Removing your main() and replacing it with our own to run more tests...
                |         Working              |        Retired         
 Age | Initial  | Saving  |   Rate    | Months | Spending |   Rate    | Months | Result
 240 |     0.00 | 1234.00 | 0.0026700 |   597  | -3567.00 | 0.0008300 |   218  | Correct
 240 |     0.00 | 1234.00 | 0.0026700 |   597  | -3567.00 | 0.0008300 |   385  | Correct
 240 |     0.00 | 1234.00 | 0.0026700 |   597  | -3567.00 | 0.0043400 |   230  | Correct
 240 |     0.00 | 1234.00 | 0.0026700 |   597  | -3567.00 | 0.0043400 |   387  | Correct
 240 |     0.00 | 1234.00 | 0.0026700 |   597  | -6534.00 | 0.0000900 |   216  | Correct
 240 |     0.00 | 1234.00 | 0.0026700 |   597  | -6534.00 | 0.0000900 |   399  | Correct
 240 |     0.00 | 1234.00 | 0.0026700 |   597  | -6534.00 | 0.0043000 |   215  | Correct
 240 |     0.00 | 1234.00 | 0.0026700 |   597  | -6534.00 | 0.0043000 |   390  | Correct
 240 |     0.00 | 1234.00 | 0.0026700 |   589  | -3567.00 | 0.0003000 |   216  | Correct
 240 |     0.00 | 1234.00 | 0.0026700 |   589  | -3567.00 | 0.0003000 |   396  | Correct
 240 |     0.00 | 1234.00 | 0.0026700 |   589  | -3567.00 | 0.0046600 |   233  | Correct
 240 |     0.00 | 1234.00 | 0.0026700 |   589  | -3567.00 | 0.0046600 |   396  | Correct
 240 |     0.00 | 1234.00 | 0.0026700 |   589  | -6534.00 | 0.0001200 |   207  | Correct
 240 |     0.00 | 1234.00 | 0.0026700 |   589  | -6534.00 | 0.0001200 |   392  | Correct
 240 |     0.00 | 1234.00 | 0.0026700 |   589  | -6534.00 | 0.0041400 |   214  | Correct
 240 |     0.00 | 1234.00 | 0.0026700 |   589  | -6534.00 | 0.0041400 |   380  | Correct
 240 |     0.00 | 1234.00 | 0.0056700 |   597  | -3567.00 | 0.0008600 |   225  | Correct
 240 |     0.00 | 1234.00 | 0.0056700 |   597  | -3567.00 | 0.0008600 |   399  | Correct
 240 |     0.00 | 1234.00 | 0.0056700 |   597  | -3567.00 | 0.0049500 |   231  | Correct
 240 |     0.00 | 1234.00 | 0.0056700 |   597  | -3567.00 | 0.0049500 |   397  | Correct
 240 |     0.00 | 1234.00 | 0.0056700 |   597  | -6534.00 | 0.0003100 |   232  | Correct
 240 |     0.00 | 1234.00 | 0.0056700 |   597  | -6534.00 | 0.0003100 |   390  | Correct
 240 |     0.00 | 1234.00 | 0.0056700 |   597  | -6534.00 | 0.0048400 |   224  | Correct
 240 |     0.00 | 1234.00 | 0.0056700 |   597  | -6534.00 | 0.0048400 |   392  | Correct
 240 |     0.00 | 1234.00 | 0.0056700 |   614  | -3567.00 | 0.0003500 |   221  | Correct
 240 |     0.00 | 1234.00 | 0.0056700 |   614  | -3567.00 | 0.0003500 |   396  | Correct
 240 |     0.00 | 1234.00 | 0.0056700 |   614  | -3567.00 | 0.0045600 |   228  | Correct
 240 |     0.00 | 1234.00 | 0.0056700 |   614  | -3567.00 | 0.0045600 |   402  | Correct
 240 |     0.00 | 1234.00 | 0.0056700 |   614  | -6534.00 | 0.0008300 |   232  | Correct
 240 |     0.00 | 1234.00 | 0.0056700 |   614  | -6534.00 | 0.0008300 |   381  | Correct
 240 |     0.00 | 1234.00 | 0.0056700 |   614  | -6534.00 | 0.0043100 |   230  | Correct
 240 |     0.00 | 1234.00 | 0.0056700 |   614  | -6534.00 | 0.0043100 |   371  | Correct
 240 |     0.00 | 2786.00 | 0.0026700 |   597  | -3567.00 | 0.0000800 |   228  | Correct
 240 |     0.00 | 2786.00 | 0.0026700 |   597  | -3567.00 | 0.0000800 |   389  | Correct
 240 |     0.00 | 2786.00 | 0.0026700 |   597  | -3567.00 | 0.0042700 |   219  | Correct
 240 |     0.00 | 2786.00 | 0.0026700 |   597  | -3567.00 | 0.0042700 |   376  | Correct
 240 |     0.00 | 2786.00 | 0.0026700 |   597  | -6534.00 | 0.0003200 |   209  | Correct
 240 |     0.00 | 2786.00 | 0.0026700 |   597  | -6534.00 | 0.0003200 |   394  | Correct
 240 |     0.00 | 2786.00 | 0.0026700 |   597  | -6534.00 | 0.0046800 |   207  | Correct
 240 |     0.00 | 2786.00 | 0.0026700 |   597  | -6534.00 | 0.0046800 |   370  | Correct
 240 |     0.00 | 2786.00 | 0.0026700 |   602  | -3567.00 | 0.0006600 |   210  | Correct
 240 |     0.00 | 2786.00 | 0.0026700 |   602  | -3567.00 | 0.0006600 |   378  | Correct
 240 |     0.00 | 2786.00 | 0.0026700 |   602  | -3567.00 | 0.0049200 |   222  | Correct
 240 |     0.00 | 2786.00 | 0.0026700 |   602  | -3567.00 | 0.0049200 |   409  | Correct
 240 |     0.00 | 2786.00 | 0.0026700 |   602  | -6534.00 | 0.0006900 |   214  | Correct
 240 |     0.00 | 2786.00 | 0.0026700 |   602  | -6534.00 | 0.0006900 |   408  | Correct
 240 |     0.00 | 2786.00 | 0.0026700 |   602  | -6534.00 | 0.0043700 |   226  | Correct
 240 |     0.00 | 2786.00 | 0.0026700 |   602  | -6534.00 | 0.0043700 |   374  | Correct
 240 |     0.00 | 2786.00 | 0.0056700 |   597  | -3567.00 | 0.0004000 |   217  | Correct
 240 |     0.00 | 2786.00 | 0.0056700 |   597  | -3567.00 | 0.0004000 |   394  | Correct
 240 |     0.00 | 2786.00 | 0.0056700 |   597  | -3567.00 | 0.0043900 |   204  | Correct
 240 |     0.00 | 2786.00 | 0.0056700 |   597  | -3567.00 | 0.0043900 |   407  | Correct
 240 |     0.00 | 2786.00 | 0.0056700 |   597  | -6534.00 | 0.0002100 |   220  | Correct
 240 |     0.00 | 2786.00 | 0.0056700 |   597  | -6534.00 | 0.0002100 |   380  | Correct
 240 |     0.00 | 2786.00 | 0.0056700 |   597  | -6534.00 | 0.0040600 |   222  | Correct
 240 |     0.00 | 2786.00 | 0.0056700 |   597  | -6534.00 | 0.0040600 |   378  | Correct
 240 |     0.00 | 2786.00 | 0.0056700 |   609  | -3567.00 | 0.0005700 |   227  | Correct
 240 |     0.00 | 2786.00 | 0.0056700 |   609  | -3567.00 | 0.0005700 |   395  | Correct
 240 |     0.00 | 2786.00 | 0.0056700 |   609  | -3567.00 | 0.0048100 |   217  | Correct
 240 |     0.00 | 2786.00 | 0.0056700 |   609  | -3567.00 | 0.0048100 |   378  | Correct
 240 |     0.00 | 2786.00 | 0.0056700 |   609  | -6534.00 | 0.0005400 |   219  | Correct
 240 |     0.00 | 2786.00 | 0.0056700 |   609  | -6534.00 | 0.0005400 |   405  | Correct
 240 |     0.00 | 2786.00 | 0.0056700 |   609  | -6534.00 | 0.0048200 |   210  | Correct
 240 |     0.00 | 2786.00 | 0.0056700 |   609  | -6534.00 | 0.0048200 |   384  | Correct
 240 |  6569.04 | 1234.00 | 0.0026700 |   597  | -3567.00 | 0.0002100 |   217  | Correct
 240 |  6569.04 | 1234.00 | 0.0026700 |   597  | -3567.00 | 0.0002100 |   389  | Correct
 240 |  6569.04 | 1234.00 | 0.0026700 |   597  | -3567.00 | 0.0040500 |   214  | Correct
 240 |  6569.04 | 1234.00 | 0.0026700 |   597  | -3567.00 | 0.0040500 |   389  | Correct
 240 |  6569.04 | 1234.00 | 0.0026700 |   597  | -6534.00 | 0.0009300 |   205  | Correct
 240 |  6569.04 | 1234.00 | 0.0026700 |   597  | -6534.00 | 0.0009300 |   375  | Correct
 240 |  6569.04 | 1234.00 | 0.0026700 |   597  | -6534.00 | 0.0041000 |   218  | Correct
 240 |  6569.04 | 1234.00 | 0.0026700 |   597  | -6534.00 | 0.0041000 |   385  | Correct
 240 |  6569.04 | 1234.00 | 0.0026700 |   609  | -3567.00 | 0.0007400 |   211  | Correct
 240 |  6569.04 | 1234.00 | 0.0026700 |   609  | -3567.00 | 0.0007400 |   374  | Correct
 240 |  6569.04 | 1234.00 | 0.0026700 |   609  | -3567.00 | 0.0040400 |   209  | Correct
 240 |  6569.04 | 1234.00 | 0.0026700 |   609  | -3567.00 | 0.0040400 |   376  | Correct
 240 |  6569.04 | 1234.00 | 0.0026700 |   609  | -6534.00 | 0.0006700 |   233  | Correct
 240 |  6569.04 | 1234.00 | 0.0026700 |   609  | -6534.00 | 0.0006700 |   383  | Correct
 240 |  6569.04 | 1234.00 | 0.0026700 |   609  | -6534.00 | 0.0042600 |   228  | Correct
 240 |  6569.04 | 1234.00 | 0.0026700 |   609  | -6534.00 | 0.0042600 |   379  | Correct
 240 |  6569.04 | 1234.00 | 0.0056700 |   597  | -3567.00 | 0.0006200 |   210  | Correct
 240 |  6569.04 | 1234.00 | 0.0056700 |   597  | -3567.00 | 0.0006200 |   386  | Correct
 240 |  6569.04 | 1234.00 | 0.0056700 |   597  | -3567.00 | 0.0048900 |   213  | Correct
 240 |  6569.04 | 1234.00 | 0.0056700 |   597  | -3567.00 | 0.0048900 |   387  | Correct
 240 |  6569.04 | 1234.00 | 0.0056700 |   597  | -6534.00 | 0.0009600 |   223  | Correct
 240 |  6569.04 | 1234.00 | 0.0056700 |   597  | -6534.00 | 0.0009600 |   409  | Correct
 240 |  6569.04 | 1234.00 | 0.0056700 |   597  | -6534.00 | 0.0041400 |   220  | Correct
 240 |  6569.04 | 1234.00 | 0.0056700 |   597  | -6534.00 | 0.0041400 |   401  | Correct
 240 |  6569.04 | 1234.00 | 0.0056700 |   587  | -3567.00 | 0.0002600 |   216  | Correct
 240 |  6569.04 | 1234.00 | 0.0056700 |   587  | -3567.00 | 0.0002600 |   382  | Correct
 240 |  6569.04 | 1234.00 | 0.0056700 |   587  | -3567.00 | 0.0048000 |   230  | Correct
 240 |  6569.04 | 1234.00 | 0.0056700 |   587  | -3567.00 | 0.0048000 |   388  | Correct
 240 |  6569.04 | 1234.00 | 0.0056700 |   587  | -6534.00 | 0.0009400 |   228  | Correct
 240 |  6569.04 | 1234.00 | 0.0056700 |   587  | -6534.00 | 0.0009400 |   382  | Correct
 240 |  6569.04 | 1234.00 | 0.0056700 |   587  | -6534.00 | 0.0047700 |   223  | Correct
 240 |  6569.04 | 1234.00 | 0.0056700 |   587  | -6534.00 | 0.0047700 |   391  | Correct
 240 |  6569.04 | 2835.00 | 0.0026700 |   597  | -3567.00 | 0.0001400 |   212  | Correct
 240 |  6569.04 | 2835.00 | 0.0026700 |   597  | -3567.00 | 0.0001400 |   373  | Correct
 240 |  6569.04 | 2835.00 | 0.0026700 |   597  | -3567.00 | 0.0043000 |   206  | Correct
 240 |  6569.04 | 2835.00 | 0.0026700 |   597  | -3567.00 | 0.0043000 |   385  | Correct
 240 |  6569.04 | 2835.00 | 0.0026700 |   597  | -6534.00 | 0.0003600 |   224  | Correct
 240 |  6569.04 | 2835.00 | 0.0026700 |   597  | -6534.00 | 0.0003600 |   394  | Correct
 240 |  6569.04 | 2835.00 | 0.0026700 |   597  | -6534.00 | 0.0046100 |   228  | Correct
 240 |  6569.04 | 2835.00 | 0.0026700 |   597  | -6534.00 | 0.0046100 |   403  | Correct
 240 |  6569.04 | 2835.00 | 0.0026700 |   597  | -3567.00 | 0.0004700 |   204  | Correct
 240 |  6569.04 | 2835.00 | 0.0026700 |   597  | -3567.00 | 0.0004700 |   385  | Correct
 240 |  6569.04 | 2835.00 | 0.0026700 |   597  | -3567.00 | 0.0045100 |   223  | Correct
 240 |  6569.04 | 2835.00 | 0.0026700 |   597  | -3567.00 | 0.0045100 |   372  | Correct
 240 |  6569.04 | 2835.00 | 0.0026700 |   597  | -6534.00 | 0.0008500 |   211  | Correct
 240 |  6569.04 | 2835.00 | 0.0026700 |   597  | -6534.00 | 0.0008500 |   381  | Correct
 240 |  6569.04 | 2835.00 | 0.0026700 |   597  | -6534.00 | 0.0046400 |   214  | Correct
 240 |  6569.04 | 2835.00 | 0.0026700 |   597  | -6534.00 | 0.0046400 |   403  | Correct
 240 |  6569.04 | 2835.00 | 0.0056700 |   597  | -3567.00 | 0.0008500 |   216  | Correct
 240 |  6569.04 | 2835.00 | 0.0056700 |   597  | -3567.00 | 0.0008500 |   387  | Correct
 240 |  6569.04 | 2835.00 | 0.0056700 |   597  | -3567.00 | 0.0049200 |   228  | Correct
 240 |  6569.04 | 2835.00 | 0.0056700 |   597  | -3567.00 | 0.0049200 |   404  | Correct
 240 |  6569.04 | 2835.00 | 0.0056700 |   597  | -6534.00 | 0.0001500 |   227  | Correct
 240 |  6569.04 | 2835.00 | 0.0056700 |   597  | -6534.00 | 0.0001500 |   375  | Correct
 240 |  6569.04 | 2835.00 | 0.0056700 |   597  | -6534.00 | 0.0043100 |   231  | Correct
 240 |  6569.04 | 2835.00 | 0.0056700 |   597  | -6534.00 | 0.0043100 |   384  | Correct
 240 |  6569.04 | 2835.00 | 0.0056700 |   598  | -3567.00 | 0.0005700 |   220  | Correct
 240 |  6569.04 | 2835.00 | 0.0056700 |   598  | -3567.00 | 0.0005700 |   390  | Correct
 240 |  6569.04 | 2835.00 | 0.0056700 |   598  | -3567.00 | 0.0045800 |   215  | Correct
 240 |  6569.04 | 2835.00 | 0.0056700 |   598  | -3567.00 | 0.0045800 |   381  | Correct
 240 |  6569.04 | 2835.00 | 0.0056700 |   598  | -6534.00 | 0.0003200 |   214  | Correct
 240 |  6569.04 | 2835.00 | 0.0056700 |   598  | -6534.00 | 0.0003200 |   398  | Correct
 240 |  6569.04 | 2835.00 | 0.0056700 |   598  | -6534.00 | 0.0040300 |   233  | Correct
 240 |  6569.04 | 2835.00 | 0.0056700 |   598  | -6534.00 | 0.0040300 |   390  | Correct
 345 |     0.00 | 1234.00 | 0.0026700 |   597  | -3567.00 | 0.0009500 |   220  | Correct
 345 |     0.00 | 1234.00 | 0.0026700 |   597  | -3567.00 | 0.0009500 |   407  | Correct
 345 |     0.00 | 1234.00 | 0.0026700 |   597  | -3567.00 | 0.0042800 |   219  | Correct
 345 |     0.00 | 1234.00 | 0.0026700 |   597  | -3567.00 | 0.0042800 |   391  | Correct
 345 |     0.00 | 1234.00 | 0.0026700 |   597  | -6534.00 | 0.0009200 |   217  | Correct
 345 |     0.00 | 1234.00 | 0.0026700 |   597  | -6534.00 | 0.0009200 |   390  | Correct
 345 |     0.00 | 1234.00 | 0.0026700 |   597  | -6534.00 | 0.0043700 |   224  | Correct
 345 |     0.00 | 1234.00 | 0.0026700 |   597  | -6534.00 | 0.0043700 |   407  | Correct
 345 |     0.00 | 1234.00 | 0.0026700 |   587  | -3567.00 | 0.0004500 |   219  | Correct
 345 |     0.00 | 1234.00 | 0.0026700 |   587  | -3567.00 | 0.0004500 |   380  | Correct
 345 |     0.00 | 1234.00 | 0.0026700 |   587  | -3567.00 | 0.0040000 |   220  | Correct
 345 |     0.00 | 1234.00 | 0.0026700 |   587  | -3567.00 | 0.0040000 |   382  | Correct
 345 |     0.00 | 1234.00 | 0.0026700 |   587  | -6534.00 | 0.0006500 |   224  | Correct
 345 |     0.00 | 1234.00 | 0.0026700 |   587  | -6534.00 | 0.0006500 |   398  | Correct
 345 |     0.00 | 1234.00 | 0.0026700 |   587  | -6534.00 | 0.0045300 |   216  | Correct
 345 |     0.00 | 1234.00 | 0.0026700 |   587  | -6534.00 | 0.0045300 |   373  | Correct
 345 |     0.00 | 1234.00 | 0.0056700 |   597  | -3567.00 | 0.0000200 |   219  | Correct
 345 |     0.00 | 1234.00 | 0.0056700 |   597  | -3567.00 | 0.0000200 |   392  | Correct
 345 |     0.00 | 1234.00 | 0.0056700 |   597  | -3567.00 | 0.0048400 |   225  | Correct
 345 |     0.00 | 1234.00 | 0.0056700 |   597  | -3567.00 | 0.0048400 |   373  | Correct
 345 |     0.00 | 1234.00 | 0.0056700 |   597  | -6534.00 | 0.0009300 |   222  | Correct
 345 |     0.00 | 1234.00 | 0.0056700 |   597  | -6534.00 | 0.0009300 |   396  | Correct
 345 |     0.00 | 1234.00 | 0.0056700 |   597  | -6534.00 | 0.0045400 |   213  | Correct
 345 |     0.00 | 1234.00 | 0.0056700 |   597  | -6534.00 | 0.0045400 |   408  | Correct
 345 |     0.00 | 1234.00 | 0.0056700 |   598  | -3567.00 | 0.0005000 |   210  | Correct
 345 |     0.00 | 1234.00 | 0.0056700 |   598  | -3567.00 | 0.0005000 |   398  | Correct
 345 |     0.00 | 1234.00 | 0.0056700 |   598  | -3567.00 | 0.0044700 |   223  | Correct
 345 |     0.00 | 1234.00 | 0.0056700 |   598  | -3567.00 | 0.0044700 |   401  | Correct
 345 |     0.00 | 1234.00 | 0.0056700 |   598  | -6534.00 | 0.0008900 |   219  | Correct
 345 |     0.00 | 1234.00 | 0.0056700 |   598  | -6534.00 | 0.0008900 |   406  | Correct
 345 |     0.00 | 1234.00 | 0.0056700 |   598  | -6534.00 | 0.0043500 |   204  | Correct
 345 |     0.00 | 1234.00 | 0.0056700 |   598  | -6534.00 | 0.0043500 |   391  | Correct
 345 |     0.00 | 2823.00 | 0.0026700 |   597  | -3567.00 | 0.0000300 |   232  | Correct
 345 |     0.00 | 2823.00 | 0.0026700 |   597  | -3567.00 | 0.0000300 |   399  | Correct
 345 |     0.00 | 2823.00 | 0.0026700 |   597  | -3567.00 | 0.0043900 |   232  | Correct
 345 |     0.00 | 2823.00 | 0.0026700 |   597  | -3567.00 | 0.0043900 |   389  | Correct
 345 |     0.00 | 2823.00 | 0.0026700 |   597  | -6534.00 | 0.0004600 |   232  | Correct
 345 |     0.00 | 2823.00 | 0.0026700 |   597  | -6534.00 | 0.0004600 |   395  | Correct
 345 |     0.00 | 2823.00 | 0.0026700 |   597  | -6534.00 | 0.0040200 |   206  | Correct
 345 |     0.00 | 2823.00 | 0.0026700 |   597  | -6534.00 | 0.0040200 |   406  | Correct
 345 |     0.00 | 2823.00 | 0.0026700 |   596  | -3567.00 | 0.0009900 |   230  | Correct
 345 |     0.00 | 2823.00 | 0.0026700 |   596  | -3567.00 | 0.0009900 |   378  | Correct
 345 |     0.00 | 2823.00 | 0.0026700 |   596  | -3567.00 | 0.0048200 |   223  | Correct
 345 |     0.00 | 2823.00 | 0.0026700 |   596  | -3567.00 | 0.0048200 |   405  | Correct
 345 |     0.00 | 2823.00 | 0.0026700 |   596  | -6534.00 | 0.0001300 |   224  | Correct
 345 |     0.00 | 2823.00 | 0.0026700 |   596  | -6534.00 | 0.0001300 |   381  | Correct
 345 |     0.00 | 2823.00 | 0.0026700 |   596  | -6534.00 | 0.0042300 |   222  | Correct
 345 |     0.00 | 2823.00 | 0.0026700 |   596  | -6534.00 | 0.0042300 |   409  | Correct
 345 |     0.00 | 2823.00 | 0.0056700 |   597  | -3567.00 | 0.0008600 |   209  | Correct
 345 |     0.00 | 2823.00 | 0.0056700 |   597  | -3567.00 | 0.0008600 |   403  | Correct
 345 |     0.00 | 2823.00 | 0.0056700 |   597  | -3567.00 | 0.0047900 |   219  | Correct
 345 |     0.00 | 2823.00 | 0.0056700 |   597  | -3567.00 | 0.0047900 |   373  | Correct
 345 |     0.00 | 2823.00 | 0.0056700 |   597  | -6534.00 | 0.0000600 |   214  | Correct
 345 |     0.00 | 2823.00 | 0.0056700 |   597  | -6534.00 | 0.0000600 |   385  | Correct
 345 |     0.00 | 2823.00 | 0.0056700 |   597  | -6534.00 | 0.0048200 |   219  | Correct
 345 |     0.00 | 2823.00 | 0.0056700 |   597  | -6534.00 | 0.0048200 |   386  | Correct
 345 |     0.00 | 2823.00 | 0.0056700 |   611  | -3567.00 | 0.0008600 |   228  | Correct
 345 |     0.00 | 2823.00 | 0.0056700 |   611  | -3567.00 | 0.0008600 |   405  | Correct
 345 |     0.00 | 2823.00 | 0.0056700 |   611  | -3567.00 | 0.0044200 |   217  | Correct
 345 |     0.00 | 2823.00 | 0.0056700 |   611  | -3567.00 | 0.0044200 |   375  | Correct
 345 |     0.00 | 2823.00 | 0.0056700 |   611  | -6534.00 | 0.0004900 |   226  | Correct
 345 |     0.00 | 2823.00 | 0.0056700 |   611  | -6534.00 | 0.0004900 |   407  | Correct
 345 |     0.00 | 2823.00 | 0.0056700 |   611  | -6534.00 | 0.0041600 |   220  | Correct
 345 |     0.00 | 2823.00 | 0.0056700 |   611  | -6534.00 | 0.0041600 |   395  | Correct
 345 | 11729.69 | 1234.00 | 0.0026700 |   597  | -3567.00 | 0.0007300 |   219  | Correct
 345 | 11729.69 | 1234.00 | 0.0026700 |   597  | -3567.00 | 0.0007300 |   406  | Correct
 345 | 11729.69 | 1234.00 | 0.0026700 |   597  | -3567.00 | 0.0046400 |   232  | Correct
 345 | 11729.69 | 1234.00 | 0.0026700 |   597  | -3567.00 | 0.0046400 |   391  | Correct
 345 | 11729.69 | 1234.00 | 0.0026700 |   597  | -6534.00 | 0.0005000 |   223  | Correct
 345 | 11729.69 | 1234.00 | 0.0026700 |   597  | -6534.00 | 0.0005000 |   388  | Correct
 345 | 11729.69 | 1234.00 | 0.0026700 |   597  | -6534.00 | 0.0048500 |   214  | Correct
 345 | 11729.69 | 1234.00 | 0.0026700 |   597  | -6534.00 | 0.0048500 |   379  | Correct
 345 | 11729.69 | 1234.00 | 0.0026700 |   588  | -3567.00 | 0.0007800 |   226  | Correct
 345 | 11729.69 | 1234.00 | 0.0026700 |   588  | -3567.00 | 0.0007800 |   405  | Correct
 345 | 11729.69 | 1234.00 | 0.0026700 |   588  | -3567.00 | 0.0044100 |   232  | Correct
 345 | 11729.69 | 1234.00 | 0.0026700 |   588  | -3567.00 | 0.0044100 |   393  | Correct
 345 | 11729.69 | 1234.00 | 0.0026700 |   588  | -6534.00 | 0.0007400 |   210  | Correct
 345 | 11729.69 | 1234.00 | 0.0026700 |   588  | -6534.00 | 0.0007400 |   373  | Correct
 345 | 11729.69 | 1234.00 | 0.0026700 |   588  | -6534.00 | 0.0041200 |   228  | Correct
 345 | 11729.69 | 1234.00 | 0.0026700 |   588  | -6534.00 | 0.0041200 |   400  | Correct
 345 | 11729.69 | 1234.00 | 0.0056700 |   597  | -3567.00 | 0.0001300 |   233  | Correct
 345 | 11729.69 | 1234.00 | 0.0056700 |   597  | -3567.00 | 0.0001300 |   400  | Correct
 345 | 11729.69 | 1234.00 | 0.0056700 |   597  | -3567.00 | 0.0049800 |   227  | Correct
 345 | 11729.69 | 1234.00 | 0.0056700 |   597  | -3567.00 | 0.0049800 |   396  | Correct
 345 | 11729.69 | 1234.00 | 0.0056700 |   597  | -6534.00 | 0.0005200 |   220  | Correct
 345 | 11729.69 | 1234.00 | 0.0056700 |   597  | -6534.00 | 0.0005200 |   392  | Correct
 345 | 11729.69 | 1234.00 | 0.0056700 |   597  | -6534.00 | 0.0048000 |   214  | Correct
 345 | 11729.69 | 1234.00 | 0.0056700 |   597  | -6534.00 | 0.0048000 |   398  | Correct
 345 | 11729.69 | 1234.00 | 0.0056700 |   610  | -3567.00 | 0.0009900 |   212  | Correct
 345 | 11729.69 | 1234.00 | 0.0056700 |   610  | -3567.00 | 0.0009900 |   371  | Correct
 345 | 11729.69 | 1234.00 | 0.0056700 |   610  | -3567.00 | 0.0046300 |   220  | Correct
 345 | 11729.69 | 1234.00 | 0.0056700 |   610  | -3567.00 | 0.0046300 |   382  | Correct
 345 | 11729.69 | 1234.00 | 0.0056700 |   610  | -6534.00 | 0.0001200 |   212  | Correct
 345 | 11729.69 | 1234.00 | 0.0056700 |   610  | -6534.00 | 0.0001200 |   385  | Correct
 345 | 11729.69 | 1234.00 | 0.0056700 |   610  | -6534.00 | 0.0040600 |   211  | Correct
 345 | 11729.69 | 1234.00 | 0.0056700 |   610  | -6534.00 | 0.0040600 |   393  | Correct
 345 | 11729.69 | 2442.00 | 0.0026700 |   597  | -3567.00 | 0.0002200 |   231  | Correct
 345 | 11729.69 | 2442.00 | 0.0026700 |   597  | -3567.00 | 0.0002200 |   396  | Correct
 345 | 11729.69 | 2442.00 | 0.0026700 |   597  | -3567.00 | 0.0044600 |   219  | Correct
 345 | 11729.69 | 2442.00 | 0.0026700 |   597  | -3567.00 | 0.0044600 |   374  | Correct
 345 | 11729.69 | 2442.00 | 0.0026700 |   597  | -6534.00 | 0.0004200 |   205  | Correct
 345 | 11729.69 | 2442.00 | 0.0026700 |   597  | -6534.00 | 0.0004200 |   392  | Correct
 345 | 11729.69 | 2442.00 | 0.0026700 |   597  | -6534.00 | 0.0046000 |   220  | Correct
 345 | 11729.69 | 2442.00 | 0.0026700 |   597  | -6534.00 | 0.0046000 |   378  | Correct
 345 | 11729.69 | 2442.00 | 0.0026700 |   600  | -3567.00 | 0.0001600 |   220  | Correct
 345 | 11729.69 | 2442.00 | 0.0026700 |   600  | -3567.00 | 0.0001600 |   377  | Correct
 345 | 11729.69 | 2442.00 | 0.0026700 |   600  | -3567.00 | 0.0044200 |   206  | Correct
 345 | 11729.69 | 2442.00 | 0.0026700 |   600  | -3567.00 | 0.0044200 |   383  | Correct
 345 | 11729.69 | 2442.00 | 0.0026700 |   600  | -6534.00 | 0.0006800 |   211  | Correct
 345 | 11729.69 | 2442.00 | 0.0026700 |   600  | -6534.00 | 0.0006800 |   376  | Correct
 345 | 11729.69 | 2442.00 | 0.0026700 |   600  | -6534.00 | 0.0045700 |   213  | Correct
 345 | 11729.69 | 2442.00 | 0.0026700 |   600  | -6534.00 | 0.0045700 |   378  | Correct
 345 | 11729.69 | 2442.00 | 0.0056700 |   597  | -3567.00 | 0.0002400 |   210  | Correct
 345 | 11729.69 | 2442.00 | 0.0056700 |   597  | -3567.00 | 0.0002400 |   379  | Correct
 345 | 11729.69 | 2442.00 | 0.0056700 |   597  | -3567.00 | 0.0044400 |   204  | Correct
 345 | 11729.69 | 2442.00 | 0.0056700 |   597  | -3567.00 | 0.0044400 |   387  | Correct
 345 | 11729.69 | 2442.00 | 0.0056700 |   597  | -6534.00 | 0.0005000 |   217  | Correct
 345 | 11729.69 | 2442.00 | 0.0056700 |   597  | -6534.00 | 0.0005000 |   373  | Correct
 345 | 11729.69 | 2442.00 | 0.0056700 |   597  | -6534.00 | 0.0045900 |   214  | Correct
 345 | 11729.69 | 2442.00 | 0.0056700 |   597  | -6534.00 | 0.0045900 |   373  | Correct
 345 | 11729.69 | 2442.00 | 0.0056700 |   601  | -3567.00 | 0.0001900 |   223  | Correct
 345 | 11729.69 | 2442.00 | 0.0056700 |   601  | -3567.00 | 0.0001900 |   401  | Correct
 345 | 11729.69 | 2442.00 | 0.0056700 |   601  | -3567.00 | 0.0042700 |   208  | Correct
 345 | 11729.69 | 2442.00 | 0.0056700 |   601  | -3567.00 | 0.0042700 |   372  | Correct
 345 | 11729.69 | 2442.00 | 0.0056700 |   601  | -6534.00 | 0.0004800 |   227  | Correct
 345 | 11729.69 | 2442.00 | 0.0056700 |   601  | -6534.00 | 0.0004800 |   399  | Correct
 345 | 11729.69 | 2442.00 | 0.0056700 |   601  | -6534.00 | 0.0042500 |   231  | Correct
 345 | 11729.69 | 2442.00 | 0.0056700 |   601  | -6534.00 | 0.0042500 |   376  | Correct

Overall Grade: A
